0        0.920
4        0.989
8        0.635
12       0.427
16       0.448
20       0.453
24       0.340
28       0.510
32       0.540
36       0.476
40       0.290
44       0.297
48       0.347
52       0.876
56       1.412
60       3.141
64       0.911
68       0.278
72       0.315
76       0.280
80       0.208
84       0.203
88       0.199
92       0.199
96       0.198
100      0.202
104      0.202
108      0.207
112      0.320
116      0.317
120      0.508
124      0.521
128      0.518
132      0.581
136      0.514
140      0.490
144      0.476
148      0.470
152      0.464
156      0.460
160      0.463
164      0.446
168      0.459
172      0.463
176      0.410
180      0.410
